Correlation: 0.9712363844887597
MAE: 0.21869642735497086
MaxError: 3.3124403383020997
RMSE: 0.5544675891123841
Rsquared: 0.9432850545611676
