Correlation: 0.8564578718928588
MAE: 0.8519281602537927
MaxError: 3.1448270166073744
RMSE: 1.0893316686038537
Rsquared: 0.7263333960512404
