Correlation: 0.9657326549976067
MAE: 0.3015934791173276
MaxError: 2.2572462421978248
RMSE: 0.5522625975545479
Rsquared: 0.9296615479489411
