Correlation: 0.9938462433600317
MAE: 0.0889832752245229
MaxError: 1.1071686393298954
RMSE: 0.24637814083194612
Rsquared: 0.9876857004639222
