Correlation: 0.9713394388521065
MAE: 0.24214810950220805
MaxError: 1.8136679001753375
RMSE: 0.5021837065842001
Rsquared: 0.9418396810252926
