Correlation: 0.8470369164486369
MAE: 0.9411493112304015
MaxError: 3.145030172311305
RMSE: 1.1809304417389221
Rsquared: 0.71708628496294
