Correlation: 0.9765939984553511
MAE: 0.23160326388244293
MaxError: 2.461466904545574
RMSE: 0.502701873246767
Rsquared: 0.9533806519459107
