Correlation: 0.8736449132019466
MAE: 0.9051430377436879
MaxError: 3.181507063999989
RMSE: 1.1438401512116856
Rsquared: 0.7586341279511344
