Correlation: 0.9897996905237816
MAE: 0.09603981469096524
MaxError: 2.1218949899732245
RMSE: 0.3166857752018926
Rsquared: 0.9796547758753787
