Correlation: 0.8499553416220998
MAE: 0.9276007917790334
MaxError: 3.3300523752020617
RMSE: 1.1799363937304126
Rsquared: 0.7175623696543008
