Correlation: 0.9634009303040095
MAE: 0.2773504390202419
MaxError: 2.1024792769195457
RMSE: 0.5972631143986129
Rsquared: 0.9276336355681721
