Correlation: 0.9621675980521025
MAE: 0.3353288880345844
MaxError: 2.585024668277601
RMSE: 0.6095185133223859
Rsquared: 0.9246333574948724
