Correlation: 0.9652378478306881
MAE: 0.26795885644390194
MaxError: 2.116825848786247
RMSE: 0.5826036710164691
Rsquared: 0.9311424130061277
