Correlation: 0.9516426422220057
MAE: 0.3449171314313497
MaxError: 2.72921052398649
RMSE: 0.7001945425306175
Rsquared: 0.9005412930437031
