Correlation: 0.8496946524864839
MAE: 0.9276137154811829
MaxError: 3.3912419091492048
RMSE: 1.1806927732947954
Rsquared: 0.7172001492413621
