Correlation: 0.9578158943134354
MAE: 0.33928657773022797
MaxError: 2.115759080178636
RMSE: 0.6511343392607566
Rsquared: 0.9139904718671259
