Correlation: 0.8455959460313757
MAE: 0.9271597552359631
MaxError: 3.455850792649656
RMSE: 1.1927541252257479
Rsquared: 0.7113927608095962
