Correlation: 0.9676883793842033
MAE: 0.2721604064875862
MaxError: 2.1123182401068714
RMSE: 0.5611545993458616
Rsquared: 0.9361191892312035
